var S0, S2, S6, S14, S15, S16, S18, S23, S24
ext S1, S3, S4, S5, S7, S8, S9, S10, S12, S17, S19, S20, S21, S22;
J0: S3 + S6 -> S16; E0*(k0*S3*S6);
J1: S21 + S16 -> S9; E1*(k1*S21*S16);
J2: S3 -> S4 + S20; E2*(k2*S3);
J3: S0 + S8 -> S10; E3*(k3*S0*S8);
J4: S18 -> S6 + S14; E4*(k4*S18);
J5: S19 -> S23 + S5; E5*(k5*S19);
J6: S1 + S22 -> S15; E6*(k6*S1*S22);
J7: S15 -> S17; E7*(k7*S15);
J8: S23 + S1 -> S2; E8*(k8*S23*S1);
J9: S24 -> S2 + S2; E9*(k9*S24);
J10: S12 + S2 -> S20; E10*(k10*S12*S2);
J11: S14 -> S0 + S16; E11*(k11*S14);
J12: S19 + S7 -> S24; E12*(k12*S19*S7);
J13: S18 + S14 -> S15; E13*(k13*S18*S14);
J14: S24 -> S18; E14*(k14*S24);

k0 = 0.6949237430898666
k1 = 0.220418842622493
k2 = 0.8758903282919203
k3 = 0.6416554575718971
k4 = 0.34027825436102277
k5 = 0.7992372667293104
k6 = 0.932927218437863
k7 = 0.8066489508276723
k8 = 0.694332407061482
k9 = 0.17533868372852413
k10 = 0.012291718525014206
k11 = 0.9072001574508244
k12 = 0.1772563636264607
k13 = 0.6328304853436642
k14 = 0.22846375042199196

E0 = 1
E1 = 1
E2 = 1
E3 = 1
E4 = 1
E5 = 1
E6 = 1
E7 = 1
E8 = 1
E9 = 1
E10 = 1
E11 = 1
E12 = 1
E13 = 1
E14 = 1

S1 = 4
S3 = 3
S4 = 2
S5 = 6
S7 = 5
S8 = 3
S9 = 1
S10 = 6
S12 = 1
S17 = 4
S19 = 4
S20 = 6
S21 = 5
S22 = 3

S0 = 3
S2 = 1
S6 = 6
S14 = 5
S15 = 1
S16 = 5
S18 = 1
S23 = 3