
var S0, S1, S4, S5, S6, S7, S8
ext S2, S3, S9;
J0: S4 + S4 -> S1 + S2; E0*(k0*S4*S4);
J1: S1 -> S4; E1*(k1*S1);
J2: S0 -> S4 + S1; E2*(k2*S0);
J3: S6 + S8 -> S7; E3*(k3*S6*S8);
J4: S6 -> S7; E4*(k4*S6);
J5: S7 + S9 -> S0 + S2; E5*(k5*S7*S9);
J6: S4 -> S6 + S5; E6*(k6*S4);
J7: S6 -> S7; E7*(k7*S6);
J8: S5 + S1 -> S0; E8*(k8*S5*S1);
J9: S0 -> S1 + S7; E9*(k9*S0);
J10: S4 -> S6; E10*(k10*S4);
J11: S8 + S4 -> S0; E11*(k11*S8*S4);
J12: S4 + S4 -> S6; E12*(k12*S4*S4);
J13: S5 + S4 -> S3; E13*(k13*S5*S4);
J14: S7 + S1 -> S8; E14*(k14*S7*S1);

k0 = 0.16848039123028546
k1 = 0.38411229434687655
k2 = 0.6113179702294068
k3 = 0.2895834328243937
k4 = 0.6396267954333443
k5 = 0.9734545982281178
k6 = 0.701313524179715
k7 = 0.6439833351936415
k8 = 0.6030342703328954
k9 = 0.02029409150449335
k10 = 0.9917517372703407
k11 = 0.020936823266235693
k12 = 0.09270685833916736
k13 = 0.32116329351297
k14 = 0.7576500965204522

E0 = 1
E1 = 1
E2 = 1
E3 = 1
E4 = 1
E5 = 1
E6 = 1
E7 = 1
E8 = 1
E9 = 1
E10 = 1
E11 = 1
E12 = 1
E13 = 1
E14 = 1

S2 = 1
S3 = 2
S9 = 3

S0 = 2
S1 = 5
S4 = 6
S5 = 4
S6 = 1
S7 = 1
S8 = 3