var S0, S14, S19, S20, S21, S22, S24
ext S2, S4, S5, S6, S8, S9, S11, S13, S15, S16, S17, S18, S23;
J0: S14 -> S0; E0*(k0*S14);
J1: S21 -> S19 + S24; E1*(k1*S21);
J2: S18 + S20 -> S23; E2*(k2*S18*S20);
J3: S19 + S9 -> S17 + S6; E3*(k3*S19*S9);
J4: S15 -> S22; E4*(k4*S15);
J5: S21 -> S11 + S4; E5*(k5*S21);
J6: S14 + S0 -> S21; E6*(k6*S14*S0);
J7: S22 -> S8 + S14; E7*(k7*S22);
J8: S2 + S24 -> S8 + S5; E8*(k8*S2*S24);
J9: S0 -> S20 + S16; E9*(k9*S0);
J10: S13 -> S14; E10*(k10*S13);
J11: S22 + S2 -> S6; E11*(k11*S22*S2);

k0 = 0.13652454813014037
k1 = 0.8858511001407294
k2 = 0.12430112136273319
k3 = 0.4161496505381381
k4 = 0.3934536011804606
k5 = 0.9736731976497308
k6 = 0.3860334412066394
k7 = 0.5518885279117302
k8 = 0.22273382224783345
k9 = 0.4328204464246964
k10 = 0.3559121134948384
k11 = 0.9656649055748077

E0 = 1
E1 = 1
E2 = 1
E3 = 1
E4 = 1
E5 = 1
E6 = 1
E7 = 1
E8 = 1
E9 = 1
E10 = 1
E11 = 1

S2 = 2
S4 = 1
S5 = 4
S6 = 4
S8 = 5
S9 = 3
S11 = 4
S13 = 1
S15 = 4
S16 = 2
S17 = 4
S18 = 4
S23 = 1

S0 = 6
S14 = 3
S19 = 4
S20 = 4
S21 = 2
S22 = 3
S24 = 1