var S1, S6, S7, S9, S12, S15, S16, S17, S19
ext S0, S2, S3, S4, S5, S8, S10, S11, S13, S18;
J0: S11 -> S15; E0*(k0*S11);
J1: S17 -> S18 + S9; E1*(k1*S17);
J2: S0 -> S15 + S8; E2*(k2*S0);
J3: S9 -> S10; E3*(k3*S9);
J4: S0 -> S7; E4*(k4*S0);
J5: S4 + S15 -> S1 + S1; E5*(k5*S4*S15);
J6: S5 -> S16; E6*(k6*S5);
J7: S16 -> S10; E7*(k7*S16);
J8: S11 + S1 -> S10; E8*(k8*S11*S1);
J9: S7 + S7 -> S17 + S12; E9*(k9*S7*S7);
J10: S19 + S19 -> S6; E10*(k10*S19*S19);
J11: S9 -> S15 + S17; E11*(k11*S9);
J12: S3 -> S2 + S7; E12*(k12*S3);
J13: S15 -> S13 + S6; E13*(k13*S15);
J14: S19 + S3 -> S10; E14*(k14*S19*S3);
J15: S9 -> S1; E15*(k15*S9);
J16: S12 -> S16; E16*(k16*S12);
J17: S7 + S6 -> S17; E17*(k17*S7*S6);
J18: S17 -> S18 + S13; E18*(k18*S17);
J19: S16 -> S19; E19*(k19*S16);

k0 = 0.8243675184715276
k1 = 0.5796103240980349
k2 = 0.07494397172566492
k3 = 0.4113847930159642
k4 = 0.9735959291050915
k5 = 0.6087511625637796
k6 = 0.05871935304399323
k7 = 0.0061779910333187305
k8 = 0.8955326085036243
k9 = 0.2029452382801269
k10 = 0.7653121836201091
k11 = 0.9313653834744061
k12 = 0.3046825373508666
k13 = 0.8370380641098991
k14 = 0.9990794462425425
k15 = 0.37324133122564107
k16 = 0.7697806045990621
k17 = 0.7020846336237886
k18 = 0.553402424905942
k19 = 0.1700893808113113

E0 = 1
E1 = 1
E2 = 1
E3 = 1
E4 = 1
E5 = 1
E6 = 1
E7 = 1
E8 = 1
E9 = 1
E10 = 1
E11 = 1
E12 = 1
E13 = 1
E14 = 1
E15 = 1
E16 = 1
E17 = 1
E18 = 1
E19 = 1

S0 = 5
S2 = 6
S3 = 2
S4 = 6
S5 = 1
S8 = 5
S10 = 1
S11 = 4
S13 = 1
S18 = 6

S1 = 3
S6 = 4
S7 = 2
S9 = 1
S12 = 6
S15 = 3
S16 = 2
S17 = 2
S19 = 5

